Case_day2/Sema1_UTM.asc
ncols         155
nrows         228
xllcorner     417497.114
yllcorner     9226333.787
cellsize      184.413564964328
nodata_value  -9999
[rows 150 to 179 of 228, columns 0 to 67 of 155]
-9999 -7.336 -7.65 -7.942 -8.214 -8.465 -8.696 -8.91 -9.112 -9.3 -9.473 -9.633 -9.782 -9.924 -10.065 -10.211 -10.369 -10.548 -10.756 -10.989 -11.242 -11.51 -11.789 -12.077 -12.371 -12.669 -12.971 -13.276 -13.586 -13.894 -14.199 -14.497 -14.787 -15.067 -15.336 -15.592 -15.836 -16.071 -16.296 -16.511 -16.71 -16.88 -17.003 -17.055 -17.039 -16.928 -16.671 -16.404 -16.272 -16.206 -16.162 -16.132 -16.112 -16.096 -16.137 -16.311 -16.512 -16.648 -16.642 -16.505 -16.212 -15.868 -15.581 -15.461 -15.454 -15.567 -15.813 -15.989
-9999 -6.988 -7.303 -7.598 -7.873 -8.126 -8.361 -8.578 -8.779 -8.967 -9.14 -9.301 -9.451 -9.597 -9.742 -9.894 -10.061 -10.25 -10.466 -10.708 -10.972 -11.252 -11.545 -11.848 -12.156 -12.468 -12.783 -13.098 -13.411 -13.721 -14.025 -14.32 -14.607 -14.883 -15.149 -15.402 -15.642 -15.869 -16.085 -16.289 -16.48 -16.652 -16.788 -16.855 -16.871 -16.788 -16.494 -16.16 -15.974 -15.837 -15.735 -15.686 -15.698 -15.74 -15.838 -16.075 -16.314 -16.474 -16.463 -16.329 -16.009 -15.64 -15.333 -15.216 -15.186 -15.238 -15.425 -15.567
-9999 -6.673 -6.99 -7.287 -7.565 -7.822 -8.06 -8.279 -8.48 -8.666 -8.838 -8.998 -9.149 -9.295 -9.442 -9.598 -9.77 -9.967 -10.19 -10.441 -10.715 -11.007 -11.314 -11.63 -11.952 -12.279 -12.605 -12.927 -13.245 -13.555 -13.857 -14.149 -14.431 -14.704 -14.965 -15.211 -15.442 -15.657 -15.856 -16.039 -16.205 -16.347 -16.456 -16.525 -16.544 -16.492 -16.353 -16.13 -15.825 -15.525 -15.307 -15.232 -15.306 -15.503 -15.733 -15.899 -16.006 -16.05 -16.02 -15.907 -15.707 -15.487 -15.298 -15.156 -15.089 -15.089 -15.112 -15.126
-9999 -6.386 -6.705 -7.004 -7.285 -7.547 -7.788 -8.009 -8.21 -8.393 -8.563 -8.721 -8.871 -9.015 -9.162 -9.319 -9.494 -9.694 -9.925 -10.184 -10.468 -10.771 -11.09 -11.419 -11.755 -12.094 -12.431 -12.762 -13.083 -13.393 -13.692 -13.981 -14.259 -14.526 -14.78 -15.017 -15.236 -15.436 -15.615 -15.772 -15.905 -16.01 -16.086 -16.142 -16.161 -16.148 -16.138 -16.015 -15.631 -15.198 -14.875 -14.775 -14.898 -15.224 -15.557 -15.654 -15.632 -15.565 -15.503 -15.419 -15.334 -15.254 -15.172 -15.029 -14.934 -14.881 -14.779 -14.704
-9999 -6.122 -6.443 -6.747 -7.033 -7.299 -7.543 -7.765 -7.966 -8.147 -8.312 -8.465 -8.611 -8.752 -8.897 -9.053 -9.228 -9.43 -9.666 -9.933 -10.226 -10.54 -10.87 -11.211 -11.56 -11.912 -12.26 -12.598 -12.922 -13.231 -13.526 -13.811 -14.084 -14.345 -14.591 -14.819 -15.028 -15.213 -15.371 -15.501 -15.605 -15.681 -15.733 -15.77 -15.785 -15.785 -15.773 -15.638 -15.278 -14.828 -14.461 -14.339 -14.466 -14.811 -15.152 -15.264 -15.224 -15.128 -15.038 -14.964 -14.934 -14.885 -14.8 -14.702 -14.592 -14.473 -14.353 -14.294
-9999 -5.878 -6.202 -6.512 -6.804 -7.075 -7.324 -7.548 -7.747 -7.924 -8.084 -8.23 -8.37 -8.506 -8.647 -8.799 -8.971 -9.173 -9.413 -9.687 -9.987 -10.31 -10.65 -11.002 -11.363 -11.727 -12.086 -12.431 -12.755 -13.061 -13.352 -13.632 -13.901 -14.155 -14.393 -14.612 -14.811 -14.983 -15.121 -15.227 -15.305 -15.357 -15.388 -15.403 -15.401 -15.39 -15.364 -15.232 -14.916 -14.498 -14.115 -13.955 -14.032 -14.363 -14.706 -14.826 -14.799 -14.722 -14.658 -14.618 -14.632 -14.587 -14.473 -14.37 -14.217 -14.031 -13.887 -13.854
-9999 -5.648 -5.979 -6.296 -6.595 -6.874 -7.128 -7.353 -7.55 -7.722 -7.875 -8.015 -8.148 -8.278 -8.412 -8.557 -8.722 -8.921 -9.163 -9.443 -9.75 -10.081 -10.428 -10.789 -11.159 -11.533 -11.903 -12.253 -12.576 -12.877 -13.162 -13.436 -13.698 -13.946 -14.179 -14.392 -14.584 -14.743 -14.862 -14.947 -15.003 -15.035 -15.046 -15.041 -15.023 -14.998 -14.956 -14.841 -14.612 -14.297 -13.963 -13.709 -13.673 -13.93 -14.24 -14.374 -14.374 -14.358 -14.401 -14.472 -14.516 -14.481 -14.35 -14.15 -13.888 -13.605 -13.38 -13.346
-9999 -5.427 -5.769 -6.096 -6.404 -6.689 -6.948 -7.176 -7.371 -7.537 -7.684 -7.818 -7.944 -8.068 -8.194 -8.331 -8.487 -8.679 -8.922 -9.206 -9.518 -9.85 -10.199 -10.564 -10.939 -11.321 -11.698 -12.054 -12.372 -12.664 -12.943 -13.212 -13.471 -13.714 -13.94 -14.15 -14.336 -14.487 -14.589 -14.653 -14.691 -14.705 -14.701 -14.679 -14.644 -14.606 -14.563 -14.485 -14.352 -14.157 -13.88 -13.509 -13.325 -13.551 -13.861 -13.964 -13.954 -13.986 -14.159 -14.365 -14.452 -14.42 -14.253 -13.922 -13.502 -13.057 -12.662 -12.562
-9999 -5.209 -5.567 -5.907 -6.224 -6.516 -6.779 -7.009 -7.201 -7.364 -7.506 -7.635 -7.756 -7.874 -7.996 -8.126 -8.275 -8.458 -8.7 -8.982 -9.29 -9.617 -9.963 -10.323 -10.695 -11.075 -11.453 -11.811 -12.123 -12.41 -12.686 -12.954 -13.211 -13.45 -13.672 -13.875 -14.057 -14.201 -14.289 -14.339 -14.362 -14.364 -14.348 -14.312 -14.266 -14.218 -14.18 -14.135 -14.077 -13.983 -13.78 -13.356 -13.073 -13.275 -13.555 -13.588 -13.533 -13.578 -13.855 -14.172 -14.296 -14.264 -14.046 -13.565 -12.942 -12.256 -11.589 -11.342
-9999 -4.995 -5.374 -5.728 -6.053 -6.349 -6.613 -6.841 -7.034 -7.196 -7.337 -7.463 -7.581 -7.697 -7.816 -7.946 -8.094 -8.276 -8.505 -8.773 -9.067 -9.382 -9.716 -10.063 -10.423 -10.79 -11.154 -11.501 -11.816 -12.108 -12.387 -12.656 -12.913 -13.151 -13.371 -13.568 -13.739 -13.872 -13.955 -14 -14.015 -14.009 -13.984 -13.943 -13.894 -13.846 -13.807 -13.771 -13.735 -13.666 -13.516 -13.267 -13.099 -13.131 -13.223 -13.197 -13.131 -13.179 -13.468 -13.793 -13.957 -13.926 -13.646 -13.043 -12.199 -11.203 -10.211 -9.721
-9999 -4.79 -5.192 -5.561 -5.894 -6.192 -6.455 -6.681 -6.873 -7.036 -7.175 -7.3 -7.415 -7.53 -7.649 -7.779 -7.927 -8.105 -8.321 -8.57 -8.846 -9.143 -9.459 -9.789 -10.129 -10.477 -10.824 -11.158 -11.475 -11.774 -12.057 -12.33 -12.589 -12.829 -13.047 -13.24 -13.403 -13.526 -13.607 -13.649 -13.66 -13.647 -13.617 -13.573 -13.525 -13.476 -13.432 -13.394 -13.361 -13.305 -13.21 -13.094 -13.009 -12.937 -12.907 -12.852 -12.803 -12.849 -13.12 -13.407 -13.556 -13.513 -13.202 -12.532 -11.571 -10.395 -9.171 -8.465
-9999 -4.597 -5.024 -5.407 -5.746 -6.046 -6.306 -6.53 -6.72 -6.881 -7.018 -7.141 -7.255 -7.368 -7.486 -7.615 -7.761 -7.933 -8.134 -8.366 -8.622 -8.899 -9.193 -9.502 -9.821 -10.148 -10.477 -10.801 -11.116 -11.419 -11.71 -11.988 -12.251 -12.494 -12.712 -12.902 -13.06 -13.18 -13.257 -13.296 -13.304 -13.287 -13.252 -13.207 -13.158 -13.111 -13.067 -13.026 -12.983 -12.928 -12.854 -12.766 -12.676 -12.583 -12.537 -12.56 -12.632 -12.749 -12.918 -13.075 -13.153 -13.079 -12.763 -12.136 -11.231 -10.118 -8.991 -8.346
-9999 -4.417 -4.868 -5.263 -5.604 -5.903 -6.161 -6.381 -6.568 -6.726 -6.861 -6.981 -7.093 -7.206 -7.323 -7.45 -7.592 -7.755 -7.943 -8.156 -8.392 -8.647 -8.92 -9.205 -9.502 -9.809 -10.121 -10.435 -10.748 -11.055 -11.353 -11.638 -11.906 -12.153 -12.375 -12.565 -12.722 -12.839 -12.913 -12.949 -12.953 -12.932 -12.893 -12.844 -12.793 -12.747 -12.7 -12.655 -12.602 -12.544 -12.481 -12.401 -12.303 -12.207 -12.177 -12.307 -12.511 -12.689 -12.749 -12.765 -12.77 -12.683 -12.415 -11.896 -11.153 -10.22 -9.207 -8.575
-9999 -4.241 -4.716 -5.121 -5.462 -5.759 -6.014 -6.23 -6.414 -6.568 -6.699 -6.817 -6.928 -7.039 -7.155 -7.279 -7.416 -7.57 -7.745 -7.942 -8.157 -8.391 -8.64 -8.902 -9.176 -9.463 -9.76 -10.065 -10.377 -10.689 -10.995 -11.288 -11.564 -11.817 -12.043 -12.236 -12.394 -12.51 -12.583 -12.615 -12.614 -12.588 -12.545 -12.49 -12.433 -12.38 -12.326 -12.277 -12.218 -12.169 -12.131 -12.087 -12.021 -11.942 -11.922 -12.108 -12.366 -12.555 -12.52 -12.432 -12.389 -12.312 -12.116 -11.73 -11.178 -10.451 -9.557 -8.947
-9999 -4.049 -4.547 -4.965 -5.308 -5.601 -5.852 -6.067 -6.247 -6.397 -6.526 -6.642 -6.752 -6.862 -6.977 -7.099 -7.232 -7.378 -7.541 -7.721 -7.916 -8.127 -8.354 -8.595 -8.848 -9.115 -9.398 -9.697 -10.009 -10.328 -10.644 -10.948 -11.233 -11.494 -11.725 -11.923 -12.082 -12.199 -12.271 -12.301 -12.296 -12.265 -12.216 -12.158 -12.092 -12.02 -11.954 -11.895 -11.848 -11.82 -11.825 -11.867 -11.897 -11.882 -11.886 -11.986 -12.125 -12.209 -12.16 -12.069 -12.006 -11.934 -11.795 -11.542 -11.142 -10.573 -9.896 -9.424
-9999 -3.798 -4.333 -4.763 -5.107 -5.401 -5.657 -5.874 -6.055 -6.203 -6.33 -6.446 -6.557 -6.668 -6.783 -6.904 -7.035 -7.176 -7.329 -7.494 -7.671 -7.862 -8.067 -8.287 -8.521 -8.771 -9.041 -9.334 -9.649 -9.978 -10.308 -10.624 -10.92 -11.188 -11.426 -11.63 -11.793 -11.913 -11.987 -12.019 -12.014 -11.98 -11.932 -11.883 -11.817 -11.735 -11.661 -11.592 -11.553 -11.536 -11.573 -11.708 -11.838 -11.861 -11.851 -11.84 -11.844 -11.823 -11.744 -11.661 -11.62 -11.584 -11.51 -11.387 -11.128 -10.701 -10.169 -9.8
-9999 -3.429 -4.017 -4.469 -4.825 -5.134 -5.407 -5.638 -5.824 -5.973 -6.101 -6.219 -6.333 -6.449 -6.568 -6.693 -6.824 -6.963 -7.11 -7.262 -7.424 -7.596 -7.782 -7.984 -8.202 -8.437 -8.694 -8.982 -9.304 -9.648 -9.993 -10.323 -10.629 -10.906 -11.151 -11.359 -11.529 -11.656 -11.736 -11.773 -11.774 -11.752 -11.722 -11.7 -11.663 -11.596 -11.527 -11.446 -11.404 -11.376 -11.4 -11.559 -11.72 -11.732 -11.693 -11.604 -11.516 -11.422 -11.313 -11.249 -11.271 -11.32 -11.334 -11.311 -11.152 -10.817 -10.34 -10.01
-9999 -2.927 -3.548 -4.045 -4.443 -4.787 -5.09 -5.345 -5.541 -5.695 -5.828 -5.953 -6.075 -6.199 -6.325 -6.456 -6.595 -6.739 -6.884 -7.029 -7.176 -7.331 -7.501 -7.689 -7.896 -8.12 -8.367 -8.651 -8.987 -9.348 -9.708 -10.05 -10.365 -10.649 -10.898 -11.112 -11.29 -11.425 -11.512 -11.559 -11.575 -11.578 -11.586 -11.606 -11.636 -11.645 -11.586 -11.504 -11.435 -11.383 -11.364 -11.399 -11.429 -11.413 -11.353 -11.273 -11.167 -11.037 -10.919 -10.876 -10.997 -11.183 -11.323 -11.311 -11.166 -10.859 -10.384 -10.053
-9999 -2.435 -3.063 -3.575 -3.993 -4.366 -4.698 -4.978 -5.188 -5.354 -5.5 -5.638 -5.775 -5.911 -6.049 -6.191 -6.34 -6.496 -6.65 -6.792 -6.927 -7.067 -7.225 -7.407 -7.612 -7.838 -8.086 -8.372 -8.722 -9.098 -9.467 -9.816 -10.135 -10.419 -10.669 -10.885 -11.066 -11.209 -11.303 -11.36 -11.388 -11.411 -11.445 -11.5 -11.588 -11.671 -11.653 -11.599 -11.528 -11.454 -11.385 -11.31 -11.225 -11.166 -11.085 -11.019 -10.921 -10.787 -10.665 -10.625 -10.793 -11.043 -11.236 -11.211 -11.067 -10.793 -10.327 -9.991
-9999 -2.046 -2.617 -3.093 -3.501 -3.882 -4.23 -4.521 -4.751 -4.941 -5.11 -5.271 -5.427 -5.58 -5.732 -5.885 -6.049 -6.226 -6.404 -6.55 -6.672 -6.796 -6.947 -7.133 -7.353 -7.598 -7.87 -8.178 -8.531 -8.906 -9.275 -9.622 -9.937 -10.216 -10.459 -10.67 -10.849 -10.994 -11.097 -11.163 -11.199 -11.221 -11.252 -11.312 -11.402 -11.505 -11.59 -11.628 -11.59 -11.514 -11.427 -11.328 -11.225 -11.126 -11.03 -10.943 -10.851 -10.744 -10.643 -10.601 -10.68 -10.814 -10.912 -10.893 -10.767 -10.537 -10.224 -10.004
-9999 -1.61 -2.136 -2.566 -2.955 -3.351 -3.717 -4.012 -4.256 -4.468 -4.662 -4.849 -5.029 -5.202 -5.368 -5.532 -5.707 -5.912 -6.138 -6.289 -6.394 -6.502 -6.651 -6.856 -7.106 -7.385 -7.689 -8.022 -8.383 -8.757 -9.123 -9.464 -9.77 -10.038 -10.27 -10.47 -10.644 -10.792 -10.907 -10.985 -11.025 -11.038 -11.052 -11.101 -11.172 -11.276 -11.454 -11.589 -11.574 -11.498 -11.415 -11.323 -11.232 -11.114 -11.016 -10.928 -10.865 -10.804 -10.718 -10.646 -10.614 -10.603 -10.585 -10.554 -10.453 -10.283 -10.107 -9.98
-9999 -0.627 -1.405 -1.951 -2.354 -2.793 -3.199 -3.484 -3.725 -3.949 -4.164 -4.378 -4.583 -4.775 -4.951 -5.117 -5.287 -5.504 -5.795 -5.948 -6.047 -6.144 -6.308 -6.556 -6.856 -7.181 -7.523 -7.883 -8.258 -8.637 -9 -9.333 -9.627 -9.878 -10.093 -10.281 -10.452 -10.607 -10.743 -10.841 -10.893 -10.906 -10.91 -10.95 -11.001 -11.084 -11.281 -11.441 -11.417 -11.333 -11.251 -11.165 -11.084 -10.958 -10.878 -10.842 -10.86 -10.871 -10.807 -10.709 -10.6 -10.491 -10.391 -10.345 -10.262 -10.136 -10.044 -9.97
-9999 2.018 0.231 -0.763 -1.242 -1.671 -2.127 -2.837 -3.191 -3.405 -3.631 -3.867 -4.093 -4.295 -4.471 -4.627 -4.759 -4.899 -5.118 -5.31 -5.522 -5.662 -5.881 -6.216 -6.594 -6.977 -7.361 -7.751 -8.143 -8.529 -8.891 -9.219 -9.5 -9.731 -9.925 -10.097 -10.266 -10.437 -10.602 -10.734 -10.809 -10.846 -10.871 -10.902 -10.962 -11.045 -11.102 -11.119 -11.1 -11.019 -10.907 -10.813 -10.707 -10.583 -10.527 -10.628 -10.788 -10.893 -10.867 -10.76 -10.642 -10.524 -10.417 -10.343 -10.262 -10.167 -10.086 -10.009
-9999 2.853 2.933 2.222 1.422 1.244 0.903 -1.079 -1.754 -2.011 -2.864 -3.315 -3.551 -3.751 -3.908 -4.039 -4.104 -3.988 -3.829 -4.228 -4.711 -4.984 -5.343 -5.841 -6.328 -6.773 -7.199 -7.617 -8.03 -8.426 -8.79 -9.114 -9.382 -9.589 -9.754 -9.907 -10.074 -10.264 -10.468 -10.638 -10.732 -10.774 -10.8 -10.817 -10.88 -10.963 -10.945 -10.889 -10.869 -10.781 -10.639 -10.536 -10.411 -10.282 -10.242 -10.457 -10.744 -10.939 -10.94 -10.83 -10.719 -10.615 -10.517 -10.429 -10.346 -10.265 -10.183 -10.096
-9999 2.612 2.4 2.092 1.847 1.862 1.998 2.219 2.477 1.995 -0.809 -1.951 -2.352 -2.996 -3.24 -3.31 -3.227 -2.958 -3.149 -3.659 -3.896 -4.203 -4.754 -5.48 -6.075 -6.566 -7.027 -7.475 -7.909 -8.316 -8.684 -9.006 -9.26 -9.432 -9.563 -9.696 -9.863 -10.078 -10.328 -10.537 -10.643 -10.652 -10.622 -10.623 -10.655 -10.72 -10.825 -10.901 -10.869 -10.763 -10.629 -10.511 -10.38 -10.252 -10.237 -10.451 -10.763 -10.996 -11.009 -10.906 -10.778 -10.674 -10.588 -10.486 -10.403 -10.339 -10.259 -10.178
-9999 2.263 1.879 1.856 1.935 2.161 2.26 2.269 2.362 2.404 2.243 1.722 0.828 -1.173 -1.765 -1.767 -1.739 -2.514 -3.057 -3.33 -3.573 -3.749 -4.307 -5.172 -5.814 -6.327 -6.818 -7.299 -7.756 -8.174 -8.542 -8.856 -9.091 -9.224 -9.319 -9.435 -9.609 -9.869 -10.195 -10.473 -10.601 -10.583 -10.499 -10.473 -10.468 -10.511 -10.703 -10.89 -10.888 -10.814 -10.721 -10.616 -10.488 -10.348 -10.308 -10.471 -10.736 -10.946 -10.932 -10.824 -10.687 -10.582 -10.503 -10.393 -10.31 -10.255 -10.181 -10.126
-9999 1.951 1.635 1.666 1.665 2.086 2.219 1.97 1.981 2.075 1.961 1.73 1.709 1.839 1.905 1.905 1.371 -1.193 -2.155 -2.354 -2.648 -3.391 -4.086 -4.818 -5.45 -6.002 -6.539 -7.064 -7.55 -7.979 -8.342 -8.632 -8.831 -8.935 -9.001 -9.102 -9.302 -9.634 -10.073 -10.457 -10.635 -10.63 -10.542 -10.469 -10.429 -10.444 -10.539 -10.664 -10.757 -10.814 -10.818 -10.741 -10.613 -10.47 -10.399 -10.451 -10.562 -10.637 -10.608 -10.511 -10.398 -10.289 -10.19 -10.099 -10.018 -9.941 -9.872 -9.847
-9999 1.4 1.464 1.65 1.505 1.922 2.072 1.597 1.659 1.816 1.694 1.896 2.257 2.213 1.995 1.872 1.901 1.808 1.529 1.284 0.771 -1.742 -3.034 -4.328 -5.064 -5.593 -6.16 -6.739 -7.264 -7.71 -8.072 -8.347 -8.521 -8.596 -8.632 -8.711 -8.929 -9.332 -9.923 -10.454 -10.678 -10.677 -10.582 -10.475 -10.407 -10.381 -10.365 -10.407 -10.576 -10.759 -10.858 -10.801 -10.678 -10.534 -10.433 -10.394 -10.363 -10.307 -10.245 -10.151 -10.062 -9.953 -9.835 -9.764 -9.684 -9.584 -9.503 -9.496
-9999 1.706 1.706 1.729 1.715 1.76 2.04 1.485 1.504 1.712 1.623 2.126 2.641 2.244 1.784 1.642 1.883 2.035 1.846 1.62 1.657 1.767 0.985 -2.442 -4.366 -5.041 -5.632 -6.285 -6.868 -7.34 -7.718 -7.998 -8.167 -8.228 -8.244 -8.307 -8.529 -8.975 -9.691 -10.348 -10.597 -10.588 -10.487 -10.369 -10.298 -10.271 -10.222 -10.232 -10.428 -10.641 -10.756 -10.684 -10.577 -10.481 -10.418 -10.354 -10.249 -10.116 -10.027 -9.924 -9.846 -9.738 -9.612 -9.548 -9.467 -9.353 -9.257 -9.238
-9999 1.981 1.978 1.984 1.968 1.898 1.771 1.568 1.465 1.705 1.67 1.973 2.564 2.08 1.559 1.441 1.926 2.248 2.07 1.824 1.713 1.7 1.563 0.899 -1.911 -3.199 -4.648 -5.655 -6.325 -6.837 -7.256 -7.568 -7.755 -7.839 -7.872 -7.943 -8.168 -8.623 -9.325 -9.975 -10.257 -10.273 -10.181 -10.089 -10.036 -10.051 -10.144 -10.279 -10.393 -10.453 -10.428 -10.329 -10.245 -10.3 -10.377 -10.348 -10.26 -10.152 -10.031 -9.916 -9.804 -9.707 -9.618 -9.511 -9.414 -9.33 -9.246 -9.226
