Case_day2/Sema1_UTM.asc
ncols         155
nrows         228
xllcorner     417497.114
yllcorner     9226333.787
cellsize      184.413564964328
nodata_value  -9999
[rows 180 to 209 of 228, columns 68 to 135 of 155]
-9.272 -9.265 -9.214 -9.161 -9.089 -9.061 -9.037 -9.033 -9.007 -8.978 -9.007 -9.021 -9.038 -9.024 -9.008 -9.034 -9.065 -9.07 -9.046 -8.957 -8.721 -8.47 -8.289 -8.272 -8.238 -8.043 -7.839 -7.801 -7.759 -7.687 -7.655 -7.532 -7.233 -6.86 -6.526 -6.377 -6.3 -6.253 -6.197 -6.049 -5.728 -5.364 -5.112 -5.117 -5.222 -5.347 -5.331 -5.1 -4.767 -4.399 -3.983 -3.653 -3.454 -3.395 -3.41 -3.506 -3.49 -3.468 -3.464 -3.469 -3.17 -2.417 -2.195 -1.698 -0.946 -0.054 0.64 1.013
-9.267 -9.215 -9.134 -9.057 -8.989 -8.951 -8.929 -8.924 -8.917 -8.925 -8.971 -8.986 -8.925 -8.822 -8.745 -8.749 -8.799 -8.849 -8.871 -8.828 -8.686 -8.503 -8.32 -8.165 -8.025 -7.892 -7.759 -7.634 -7.501 -7.401 -7.378 -7.266 -6.945 -6.532 -6.185 -6.017 -5.96 -5.928 -5.85 -5.691 -5.448 -5.207 -5.071 -5.089 -5.158 -5.162 -5.012 -4.672 -4.238 -3.834 -3.557 -3.397 -3.346 -3.414 -3.562 -3.712 -3.633 -3.459 -3.219 -2.914 -2.534 -2.102 -1.513 -0.79 -0.153 0.282 0.995 1.045
-9.248 -9.186 -9.109 -9.041 -8.99 -8.956 -8.934 -8.93 -8.935 -8.964 -9.031 -9.033 -8.864 -8.64 -8.48 -8.462 -8.522 -8.596 -8.639 -8.639 -8.6 -8.52 -8.373 -8.113 -7.892 -7.853 -7.817 -7.628 -7.401 -7.248 -7.241 -7.133 -6.749 -6.271 -5.886 -5.704 -5.654 -5.626 -5.521 -5.357 -5.18 -5.052 -5.027 -5.089 -5.139 -5.032 -4.759 -4.301 -3.761 -3.323 -3.202 -3.212 -3.286 -3.443 -3.676 -3.903 -3.773 -3.361 -3.01 -2.528 -1.865 -1.181 -0.619 -0.251 -0.044 0.545 1.161 1.202
-9.116 -9.062 -9.02 -9.001 -9.001 -8.992 -8.981 -8.983 -8.992 -9.012 -9.061 -9.021 -8.754 -8.438 -8.215 -8.183 -8.25 -8.335 -8.39 -8.423 -8.458 -8.466 -8.378 -8.093 -7.843 -7.859 -7.875 -7.664 -7.411 -7.242 -7.239 -7.094 -6.601 -6.019 -5.577 -5.389 -5.353 -5.328 -5.199 -5.021 -4.869 -4.802 -4.852 -4.963 -5.012 -4.844 -4.529 -4.051 -3.512 -3.1 -3.088 -3.177 -3.27 -3.387 -3.542 -3.703 -3.496 -2.921 -2.324 -1.594 -0.799 -0.265 -0.204 -0.387 -0.341 1.139 1.39 1.398
-8.785 -8.778 -8.794 -8.873 -8.96 -8.997 -9.008 -9.019 -9.032 -9.025 -8.963 -8.801 -8.509 -8.194 -7.976 -7.932 -7.993 -8.079 -8.144 -8.195 -8.253 -8.286 -8.243 -8.094 -7.933 -7.848 -7.766 -7.625 -7.503 -7.442 -7.375 -7.088 -6.465 -5.762 -5.257 -5.071 -5.048 -5.017 -4.876 -4.67 -4.49 -4.415 -4.489 -4.636 -4.662 -4.499 -4.24 -3.913 -3.573 -3.337 -3.291 -3.319 -3.342 -3.336 -3.308 -3.162 -2.598 -1.969 -1.318 -0.681 -0.195 -0.264 -0.95 -1.867 -1.94 1.011 1.399 1.42
-8.386 -8.418 -8.49 -8.676 -8.852 -8.916 -8.936 -8.954 -8.972 -8.936 -8.769 -8.505 -8.194 -7.894 -7.694 -7.667 -7.74 -7.831 -7.893 -7.936 -7.998 -8.045 -8.056 -8.036 -7.95 -7.766 -7.582 -7.496 -7.531 -7.653 -7.66 -7.318 -6.456 -5.529 -4.931 -4.786 -4.801 -4.768 -4.592 -4.328 -4.08 -3.95 -4.027 -4.234 -4.233 -4.058 -3.901 -3.774 -3.646 -3.578 -3.508 -3.445 -3.359 -3.212 -2.957 -2.445 -1.576 -0.86 -0.44 -0.173 -0.174 -0.849 -2.268 -3.919 -4.041 0.797 1.325 1.336
-7.999 -8.096 -8.219 -8.449 -8.639 -8.685 -8.695 -8.718 -8.742 -8.695 -8.467 -8.15 -7.838 -7.563 -7.388 -7.386 -7.479 -7.582 -7.634 -7.659 -7.706 -7.754 -7.801 -7.865 -7.823 -7.565 -7.292 -7.21 -7.343 -7.698 -8.065 -7.946 -6.65 -5.375 -4.708 -4.615 -4.642 -4.583 -4.367 -4.05 -3.74 -3.537 -3.577 -3.8 -3.723 -3.504 -3.471 -3.525 -3.543 -3.596 -3.513 -3.346 -3.075 -2.659 -2.175 -1.369 -0.56 -0.079 0.017 -0.102 -0.571 -1.704 -3.646 -5.783 -5.906 0.379 1.209 1.221
-7.657 -7.884 -8.098 -8.215 -8.26 -8.262 -8.261 -8.294 -8.316 -8.252 -8.043 -7.747 -7.452 -7.213 -7.081 -7.069 -7.165 -7.285 -7.332 -7.348 -7.351 -7.381 -7.448 -7.521 -7.481 -7.216 -6.902 -6.74 -6.803 -7.289 -8.386 -9.055 -7.004 -5.272 -4.668 -4.57 -4.515 -4.385 -4.168 -3.847 -3.564 -3.346 -3.277 -3.338 -3.125 -2.855 -2.887 -3.078 -3.253 -3.355 -3.235 -2.945 -2.454 -1.741 -0.997 -0.268 0.251 0.314 0.266 -0.091 -1.24 -2.738 -4.77 -6.903 -7.291 -2.015 0.951 1.154
-7.281 -7.619 -7.892 -7.914 -7.833 -7.779 -7.753 -7.785 -7.805 -7.745 -7.564 -7.289 -6.992 -6.742 -6.604 -6.584 -6.68 -6.804 -6.834 -6.833 -6.808 -6.822 -6.888 -6.97 -6.963 -6.736 -6.43 -6.181 -6.059 -6.413 -7.97 -9.821 -7.183 -4.972 -4.281 -4.187 -4.071 -3.96 -3.912 -3.639 -3.492 -3.365 -3.247 -3.166 -2.795 -2.306 -2.069 -2.297 -2.792 -2.957 -2.647 -2.125 -1.313 -0.25 0.415 0.83 1.103 1.027 1.007 0.7 -1.046 -3.325 -5.472 -7.467 -8.855 -7.225 0.825 1.486
-6.86 -7.221 -7.481 -7.505 -7.41 -7.326 -7.276 -7.271 -7.271 -7.221 -7.063 -6.801 -6.461 -6.13 -5.911 -5.905 -5.996 -6.079 -6.09 -6.058 -6.055 -6.068 -6.108 -6.192 -6.216 -6.131 -5.961 -5.689 -5.397 -5.357 -6.269 -8.173 -4.929 -2.984 -2.111 -1.945 -1.606 -1.752 -3.39 -3.525 -3.564 -3.607 -3.6 -3.399 -2.88 -1.902 -1.227 -1.138 -1.533 -1.747 -1.393 -0.777 0.172 1.697 2.016 1.855 1.406 1.143 1.074 1.114 0.795 -2.31 -5.668 -7.522 -8.189 -4.643 1.793 2.32
-6.492 -6.814 -7.039 -7.057 -6.964 -6.868 -6.788 -6.736 -6.704 -6.657 -6.524 -6.277 -5.917 -5.543 -5.271 -5.261 -5.333 -5.383 -5.371 -5.303 -5.293 -5.278 -5.272 -5.354 -5.381 -5.38 -5.344 -5.201 -4.921 -4.743 -5.047 -4.662 3.491 3.742 3.222 3.145 4.031 3.538 -2.255 -3.354 -3.516 -3.472 -3.398 -3.058 -2.412 -1.129 -0.214 0.147 -0.013 -0.093 0.073 0.446 0.951 1.659 1.97 1.93 1.689 1.477 1.399 1.483 1.915 1.008 -5.173 -7.148 -6.572 1.351 2.695 2.773
-6.25 -6.431 -6.568 -6.587 -6.517 -6.414 -6.297 -6.179 -6.092 -6.035 -5.934 -5.703 -5.391 -5.094 -4.877 -4.793 -4.804 -4.857 -4.839 -4.76 -4.696 -4.631 -4.581 -4.628 -4.576 -4.537 -4.506 -4.499 -4.092 -2.994 -2.835 -1.212 6.893 6.586 5.167 4.408 4.633 3.867 -0.608 -2.969 -3.014 -1.944 -1.513 -1.088 -0.565 -0.073 0.61 1.035 1.143 1.194 1.308 1.488 1.638 1.736 1.983 1.87 1.88 1.972 2.164 2.448 2.783 2.177 -2.816 -4.895 -5.959 1.027 2.044 2.075
-6.009 -6.044 -6.104 -6.113 -6.06 -5.965 -5.818 -5.631 -5.494 -5.437 -5.373 -5.154 -4.879 -4.633 -4.462 -4.315 -4.284 -4.385 -4.377 -4.292 -4.247 -4.182 -4.131 -4.097 -3.898 -3.829 -3.74 -3.441 -2.283 1.37 2.689 6.542 9.287 8 6.288 5.33 5.189 4.706 3.032 -0.902 -0.937 1.281 1.749 1.951 1.766 0.525 1.095 1.703 2.036 2.214 2.326 2.385 2.318 2.058 2.093 1.887 2.083 2.457 3.083 3.682 3.746 3.562 2.562 0.531 -3.349 0.924 1.441 1.35
-5.665 -5.59 -5.61 -5.62 -5.582 -5.512 -5.371 -5.148 -5.024 -4.959 -4.902 -4.699 -4.427 -4.049 -3.82 -3.629 -3.611 -3.806 -3.876 -3.793 -3.831 -3.809 -3.76 -3.552 -3.116 -2.86 -2.616 -1.929 -0.193 1.815 2.477 4.368 5.826 5.4 4.876 4.845 4.985 4.557 3.66 3.171 2.648 2.111 2.155 2.315 2.25 1.341 1.572 2.265 2.768 3.056 3.184 3.162 3.087 3.247 2.876 2.497 2.705 3.176 3.937 4.462 4.075 3.257 2.483 2.012 1.586 1.366 1.357 1.165
-5.202 -5.077 -5.079 -5.09 -5.035 -4.982 -4.861 -4.731 -4.725 -4.633 -4.54 -4.326 -3.864 -2.569 -2.06 -1.926 -1.941 -2.194 -2.874 -2.832 -2.911 -3.16 -3.081 -1.814 -1.021 -0.794 -0.556 0.386 2.757 2.779 2.721 2.768 2.896 2.994 3.177 3.75 4.174 3.929 3.426 3.083 2.703 2.473 2.64 2.807 2.884 2.715 2.029 2.745 3.409 3.795 3.934 3.792 3.586 4.605 4.117 3.599 3.583 4.208 4.877 4.873 4.022 3.033 2.582 2.337 1.716 1.257 1.192 1.086
-4.716 -4.602 -4.556 -4.514 -4.369 -4.253 -4.089 -4.136 -4.114 -4.02 -3.9 -3.413 -1.513 1.329 1.688 1.521 1.611 1.35 -0.396 -0.555 -0.892 -2.003 -1.704 2.051 3.019 2.879 3.08 3.473 3.383 3.145 3.033 3 3.386 3.705 3.437 3.496 3.717 3.463 3.242 3.172 2.975 2.916 3.076 3.164 3.121 2.861 2.412 3.258 4.035 4.486 4.614 4.223 3.096 3.878 3.956 3.663 3.706 4.552 5.153 4.803 3.846 2.975 2.689 2.538 1.926 1.36 1.247 1.248
-4.076 -4.051 -3.999 -3.856 -3.606 -3.468 -3.362 -3.291 -3.185 -3.025 -2.846 -1.679 3.295 3.383 2.804 2.264 1.891 1.779 1.918 2.232 2.245 0.212 -0.385 1.834 2.356 2.498 3.014 3.483 3.361 3.029 2.882 2.941 3.682 4.501 4.349 3.948 3.725 3.438 3.241 3.412 3.826 3.865 3.555 3.388 3.352 3.216 2.958 3.83 4.639 5.04 5.095 4.531 2.805 2.982 3.057 2.897 2.986 3.574 4.083 3.995 3.38 2.745 2.65 2.704 2.345 1.928 1.701 1.642
-3.516 -3.508 -3.436 -3.103 -2.736 -2.63 -2.574 -2.349 -1.927 -1.294 -0.948 0.393 4.434 4.567 3.884 3.191 2.597 2.328 2.451 2.745 3.141 2.76 1.111 1.966 2.217 2.507 3.007 3.311 3.231 3.05 2.963 2.898 3.197 4.008 4.61 4.387 3.911 3.848 3.786 4.193 5.083 4.79 3.775 3.388 3.34 3.4 3.432 4.264 4.867 4.484 4.337 3.93 2.798 3.016 3.123 2.903 2.793 2.996 3.398 3.547 3.158 2.686 2.797 3.034 2.82 2.565 2.325 2.198
-2.546 -2.667 -2.644 -2.224 -1.8 -1.75 -1.733 -1.352 -0.386 0.819 1.347 2.975 4.484 4.555 4.32 4.168 3.966 3.472 3.003 2.877 2.857 2.552 2.432 2.607 2.678 2.819 2.936 2.948 3.071 3.265 3.213 2.975 2.891 3.418 4.279 4.123 3.74 4.243 4.511 5.053 5.778 4.882 3.558 3.222 3.237 3.512 3.722 4.075 3.919 2.057 1.642 1.784 2.429 3.168 3.381 3.178 3.162 3.412 3.727 3.765 3.404 3.026 3.106 3.227 2.961 2.898 2.938 2.909
-0.96 -1.121 -1.101 -0.847 -0.566 -0.474 -0.452 -0.032 1.199 1.264 1.389 2.186 3.284 3.983 4.381 4.884 5.348 4.736 3.328 2.531 2.373 2.38 2.731 3.141 3.271 3.227 2.953 2.699 2.878 3.268 3.262 3.044 2.941 3.082 3.4 3.115 3.091 3.795 4.194 4.764 5.095 4.223 3.345 3.209 3.249 3.483 3.63 2.966 2.278 2.098 1.924 1.829 2.206 3.099 3.635 3.475 3.453 3.814 3.989 3.831 3.578 3.27 3.124 2.973 2.688 2.812 3.197 3.448
1.277 1.152 1.152 1.234 1.44 1.598 1.491 1.434 1.521 1.592 1.761 2.168 2.889 3.546 3.885 4.497 5.485 5.275 3.603 2.469 2.27 2.421 2.943 3.434 3.651 3.515 3.02 2.617 2.636 2.872 2.951 2.943 2.909 2.788 2.661 2.532 2.815 3.214 3.483 3.929 4.049 3.795 3.477 3.247 3.085 2.923 2.849 2.701 2.586 2.572 2.478 2.44 2.603 3.439 4.382 4.318 4.005 4.219 4.115 3.572 3.316 3.119 2.926 2.742 2.505 2.522 2.913 3.425
1.333 1.222 1.233 1.371 1.575 1.629 1.508 1.436 1.623 1.931 2.227 2.668 3.084 3.139 3.039 3.352 4.22 4.447 3.463 2.69 2.57 2.724 3.114 3.426 3.517 3.252 2.777 2.459 2.426 2.577 2.787 2.92 2.881 2.763 2.721 2.797 2.989 3.049 3.122 3.333 3.428 3.516 3.386 3.133 3.025 2.886 2.82 2.961 3.088 3.053 3.016 3.214 3.408 3.916 4.804 5.006 4.632 4.545 4.099 3.168 2.737 2.64 2.686 2.877 2.87 2.703 2.828 3.262
1.382 1.187 1.19 1.411 1.634 1.612 1.492 1.436 1.639 1.986 2.297 2.76 3.167 3.143 2.975 2.926 3.205 3.523 3.224 2.818 2.884 3.251 3.527 3.497 3.179 2.722 2.446 2.335 2.419 2.765 3.111 3.172 3.091 3.068 3.19 3.341 3.251 2.939 2.703 2.704 2.785 2.873 2.985 3.219 3.533 3.557 3.409 3.546 3.618 3.418 3.468 3.968 4.331 4.556 5.053 5.321 5.128 4.888 4.15 2.976 2.348 2.189 2.377 2.949 3.282 3.229 3.247 3.464
1.419 1.12 1.123 1.404 1.679 1.68 1.626 1.542 1.629 1.951 2.303 2.73 3.305 3.548 3.438 3.244 3.294 3.651 3.487 2.913 2.991 3.602 3.904 3.743 3.282 2.857 2.684 2.569 2.562 2.833 3.191 3.288 3.395 3.493 3.472 3.511 3.283 2.708 2.289 2.251 2.3 2.454 2.904 3.559 4.132 4.226 3.99 3.99 3.879 3.483 3.64 4.383 4.922 5.258 5.589 5.663 5.487 5.105 4.11 2.962 2.473 2.276 2.372 2.931 3.227 3.198 3.326 3.685
1.447 1.206 1.208 1.409 1.693 1.837 2.25 2.275 2.303 2.699 3.18 3.459 3.76 3.807 3.604 3.488 3.668 4.051 3.819 3.03 2.93 3.447 3.713 3.703 3.631 3.568 3.381 3.092 2.835 2.801 3.08 3.374 3.782 3.911 3.585 3.378 3.015 2.359 2.004 2.081 2.208 2.589 3.297 3.917 4.322 4.461 4.41 4.395 4.018 3.386 3.564 4.314 4.829 5.332 5.739 5.731 5.381 4.704 3.641 2.82 2.658 2.594 2.823 3.37 3.293 2.883 2.981 3.624
1.23 1.457 1.55 1.583 1.557 1.898 3.552 3.923 3.978 4.171 4.348 4.331 4.187 3.854 3.482 3.421 3.747 4.037 3.706 3.013 2.834 3.068 3.222 3.406 3.717 3.937 3.821 3.56 3.302 3.194 3.354 3.584 3.979 4.172 3.924 3.581 3.015 2.388 2.119 2.237 2.516 3.157 3.972 4.3 4.313 4.348 4.527 4.73 4.304 3.525 3.464 3.915 4.332 4.901 5.362 5.371 4.957 4.16 3.205 2.593 2.435 2.531 3.24 4.166 3.99 3.221 3.185 3.962
1.174 1.335 1.381 1.406 1.405 1.951 4.179 4.722 4.879 4.955 4.827 4.634 4.408 4.005 3.476 3.322 3.576 3.559 3.118 2.785 2.895 3.112 3.182 3.342 3.624 3.805 3.774 3.685 3.565 3.533 3.616 3.631 3.749 4.01 4.149 4.015 3.627 3.387 3.316 3.25 3.269 3.643 4.242 4.456 4.416 4.388 4.517 4.789 4.517 3.691 3.236 3.403 3.823 4.332 4.642 4.524 4.25 3.882 3.315 2.793 2.445 2.526 3.477 4.627 4.558 3.797 3.93 4.922
1.329 1.475 1.567 1.628 1.689 2.192 3.729 4.12 4.351 4.628 4.731 4.716 4.611 4.25 3.645 3.347 3.473 3.29 2.815 2.69 3.075 3.48 3.586 3.653 3.676 3.529 3.393 3.472 3.562 3.617 3.693 3.626 3.487 3.663 4.247 4.717 4.819 5.035 5.073 4.561 4.017 3.867 4.093 4.339 4.564 4.64 4.52 4.582 4.45 3.721 3.138 3.2 3.571 3.905 3.965 3.701 3.624 3.823 3.726 3.354 2.999 3.042 3.892 4.726 4.354 3.609 4.111 5.436
1.369 1.592 1.802 1.975 2.154 2.72 3.27 3.428 3.802 4.328 4.687 4.942 5.017 4.638 3.798 3.277 3.453 3.532 3.234 3.052 3.294 3.695 3.897 4.014 3.937 3.564 3.274 3.348 3.504 3.584 3.732 3.863 3.928 4.302 5.163 5.886 6.03 6.147 6.013 5.232 4.569 4.325 4.258 4.337 4.576 4.566 4.2 4.111 4.171 3.761 3.393 3.468 3.62 3.721 3.656 3.466 3.581 3.901 3.881 3.638 3.496 3.773 4.616 5.043 4.257 3.464 4.097 5.439
1.559 1.719 1.795 1.947 2.174 2.456 2.605 2.697 3.485 4.468 4.909 5.174 5.331 4.988 4.009 3.336 3.528 3.929 3.99 3.78 3.726 3.849 3.893 4.043 4.179 3.971 3.753 3.763 3.686 3.56 3.755 4.28 5.053 6.115 6.925 7.009 6.642 6.392 6.065 5.419 5.097 5.006 4.692 4.407 4.317 4.096 3.795 3.722 3.756 3.617 3.59 3.756 3.652 3.564 3.642 3.638 3.739 3.879 3.795 3.655 3.702 4.329 5.375 5.686 4.898 4.294 4.849 5.804
