Case_day2/Sema1_UTM.asc
ncols         155
nrows         228
xllcorner     417497.114
yllcorner     9226333.787
cellsize      184.413564964328
nodata_value  -9999
[rows 0 to 29 of 228, columns 68 to 135 of 155]
-9999 -9999 -9999 -9999 -9999 -9999 -9999 -9999 -9999 -9999 -9999 -9999 -9999 -9999 -9999 -9999 -9999 -9999 -9999 -9999 -9999 -9999 -9999 -9999 -9999 -9999 -9999 -9999 -9999 -9999 -9999 -9999 -9999 -9999 -9999 -9999 -9999 -9999 -9999 -9999 -9999 -9999 -9999 -9999 -9999 -9999 -9999 -9999 -9999 -9999 -9999 -9999 -9999 -9999 -9999 -9999 -9999 -9999 -9999 -9999 -9999 -9999 -9999 -9999 -9999 -9999 -9999 -9999
-36.432 -36.334 -36.222 -36.098 -35.963 -35.824 -35.684 -35.547 -35.42 -35.307 -35.213 -35.138 -35.08 -35.04 -35.02 -35.018 -35.04 -35.088 -35.171 -35.293 -35.46 -35.665 -35.902 -36.164 -36.45 -36.756 -37.082 -37.427 -37.795 -38.185 -38.596 -39.022 -39.46 -39.904 -40.351 -40.797 -41.24 -41.675 -42.101 -42.515 -42.916 -43.299 -43.663 -44.004 -44.32 -44.611 -44.873 -45.105 -45.304 -45.468 -45.596 -45.686 -45.738 -45.75 -45.72 -45.647 -45.525 -45.349 -45.111 -44.802 -44.421 -43.978 -43.485 -42.95 -42.381 -41.786 -41.167 -40.53
-36.332 -36.219 -36.092 -35.954 -35.806 -35.653 -35.499 -35.351 -35.211 -35.087 -34.98 -34.892 -34.823 -34.773 -34.742 -34.73 -34.742 -34.782 -34.854 -34.963 -35.111 -35.296 -35.511 -35.755 -36.022 -36.311 -36.622 -36.955 -37.31 -37.69 -38.089 -38.505 -38.934 -39.372 -39.814 -40.257 -40.697 -41.133 -41.561 -41.977 -42.379 -42.764 -43.131 -43.476 -43.797 -44.093 -44.36 -44.598 -44.802 -44.97 -45.102 -45.195 -45.249 -45.262 -45.234 -45.163 -45.043 -44.869 -44.634 -44.332 -43.964 -43.535 -43.056 -42.536 -41.98 -41.399 -40.792 -40.166
-36.243 -36.116 -35.974 -35.82 -35.658 -35.49 -35.323 -35.16 -35.007 -34.87 -34.75 -34.65 -34.569 -34.508 -34.466 -34.444 -34.446 -34.476 -34.536 -34.63 -34.759 -34.923 -35.117 -35.34 -35.589 -35.86 -36.155 -36.474 -36.817 -37.183 -37.571 -37.977 -38.397 -38.828 -39.265 -39.704 -40.144 -40.579 -41.008 -41.425 -41.828 -42.215 -42.584 -42.932 -43.257 -43.557 -43.829 -44.071 -44.28 -44.453 -44.587 -44.683 -44.739 -44.753 -44.727 -44.659 -44.541 -44.37 -44.139 -43.846 -43.488 -43.073 -42.609 -42.102 -41.562 -40.993 -40.4 -39.786
-36.162 -36.02 -35.863 -35.693 -35.515 -35.332 -35.15 -34.972 -34.805 -34.654 -34.521 -34.407 -34.314 -34.241 -34.188 -34.155 -34.146 -34.165 -34.213 -34.291 -34.401 -34.543 -34.716 -34.918 -35.146 -35.399 -35.677 -35.981 -36.312 -36.665 -37.041 -37.436 -37.847 -38.27 -38.702 -39.139 -39.577 -40.012 -40.441 -40.859 -41.264 -41.652 -42.022 -42.372 -42.701 -43.005 -43.282 -43.528 -43.74 -43.917 -44.054 -44.152 -44.21 -44.227 -44.203 -44.137 -44.022 -43.854 -43.631 -43.346 -42.999 -42.597 -42.147 -41.655 -41.13 -40.575 -39.996 -39.395
-36.088 -35.931 -35.757 -35.571 -35.376 -35.177 -34.978 -34.785 -34.603 -34.437 -34.29 -34.163 -34.056 -33.971 -33.905 -33.862 -33.842 -33.848 -33.882 -33.944 -34.035 -34.155 -34.305 -34.484 -34.691 -34.926 -35.188 -35.477 -35.793 -36.133 -36.497 -36.881 -37.283 -37.699 -38.125 -38.559 -38.995 -39.431 -39.86 -40.28 -40.685 -41.074 -41.446 -41.798 -42.13 -42.437 -42.718 -42.968 -43.186 -43.365 -43.504 -43.605 -43.665 -43.685 -43.663 -43.599 -43.488 -43.326 -43.109 -42.833 -42.497 -42.107 -41.671 -41.195 -40.684 -40.145 -39.581 -38.993
-36.015 -35.843 -35.654 -35.45 -35.239 -35.023 -34.808 -34.598 -34.399 -34.217 -34.056 -33.916 -33.797 -33.697 -33.619 -33.563 -33.531 -33.524 -33.543 -33.587 -33.658 -33.756 -33.883 -34.039 -34.226 -34.441 -34.685 -34.958 -35.259 -35.586 -35.938 -36.311 -36.705 -37.114 -37.536 -37.966 -38.401 -38.836 -39.267 -39.687 -40.093 -40.482 -40.855 -41.21 -41.544 -41.855 -42.139 -42.393 -42.615 -42.797 -42.939 -43.041 -43.103 -43.125 -43.106 -43.045 -42.939 -42.783 -42.576 -42.309 -41.983 -41.605 -41.181 -40.72 -40.225 -39.702 -39.154 -38.584
-35.939 -35.753 -35.547 -35.329 -35.101 -34.869 -34.638 -34.41 -34.194 -33.997 -33.822 -33.667 -33.534 -33.42 -33.328 -33.258 -33.211 -33.19 -33.193 -33.22 -33.268 -33.343 -33.447 -33.581 -33.746 -33.941 -34.167 -34.423 -34.709 -35.023 -35.362 -35.725 -36.11 -36.513 -36.93 -37.358 -37.791 -38.226 -38.659 -39.081 -39.485 -39.875 -40.25 -40.606 -40.943 -41.257 -41.545 -41.803 -42.029 -42.215 -42.357 -42.461 -42.524 -42.548 -42.532 -42.475 -42.373 -42.226 -42.028 -41.772 -41.455 -41.088 -40.678 -40.232 -39.754 -39.247 -38.717 -38.164
-35.851 -35.652 -35.434 -35.202 -34.96 -34.713 -34.465 -34.222 -33.989 -33.775 -33.586 -33.417 -33.267 -33.137 -33.029 -32.943 -32.881 -32.842 -32.828 -32.836 -32.862 -32.915 -32.996 -33.108 -33.251 -33.425 -33.632 -33.871 -34.142 -34.442 -34.769 -35.123 -35.499 -35.897 -36.31 -36.733 -37.164 -37.599 -38.033 -38.457 -38.861 -39.252 -39.628 -39.987 -40.327 -40.644 -40.935 -41.198 -41.426 -41.615 -41.759 -41.864 -41.929 -41.955 -41.941 -41.887 -41.79 -41.65 -41.462 -41.217 -40.909 -40.553 -40.159 -39.731 -39.271 -38.782 -38.269 -37.735
-35.745 -35.539 -35.312 -35.068 -34.813 -34.553 -34.291 -34.035 -33.787 -33.557 -33.35 -33.162 -32.995 -32.848 -32.722 -32.619 -32.538 -32.48 -32.446 -32.432 -32.438 -32.47 -32.528 -32.619 -32.74 -32.893 -33.079 -33.301 -33.555 -33.841 -34.159 -34.503 -34.873 -35.264 -35.672 -36.094 -36.523 -36.956 -37.388 -37.811 -38.219 -38.613 -38.992 -39.355 -39.698 -40.018 -40.312 -40.576 -40.806 -40.997 -41.145 -41.252 -41.319 -41.348 -41.337 -41.284 -41.191 -41.053 -40.87 -40.634 -40.342 -40.005 -39.629 -39.218 -38.775 -38.305 -37.811 -37.296
-35.629 -35.418 -35.181 -34.927 -34.661 -34.387 -34.113 -33.842 -33.581 -33.336 -33.109 -32.903 -32.716 -32.55 -32.406 -32.284 -32.183 -32.105 -32.05 -32.014 -32 -32.01 -32.047 -32.114 -32.214 -32.346 -32.512 -32.714 -32.953 -33.225 -33.532 -33.869 -34.233 -34.619 -35.023 -35.442 -35.869 -36.3 -36.73 -37.154 -37.566 -37.964 -38.347 -38.714 -39.06 -39.383 -39.68 -39.946 -40.177 -40.369 -40.521 -40.631 -40.7 -40.73 -40.721 -40.671 -40.58 -40.447 -40.268 -40.04 -39.764 -39.445 -39.088 -38.696 -38.274 -37.824 -37.35 -36.853
-35.506 -35.29 -35.045 -34.781 -34.502 -34.216 -33.929 -33.644 -33.369 -33.106 -32.861 -32.635 -32.43 -32.245 -32.081 -31.939 -31.818 -31.72 -31.643 -31.586 -31.55 -31.538 -31.553 -31.597 -31.674 -31.784 -31.931 -32.114 -32.335 -32.596 -32.892 -33.223 -33.582 -33.965 -34.366 -34.782 -35.207 -35.637 -36.067 -36.491 -36.907 -37.309 -37.697 -38.066 -38.417 -38.743 -39.042 -39.311 -39.544 -39.739 -39.892 -40.004 -40.076 -40.108 -40.1 -40.052 -39.964 -39.834 -39.66 -39.444 -39.182 -38.881 -38.543 -38.171 -37.769 -37.34 -36.886 -36.411
-35.382 -35.158 -34.904 -34.629 -34.338 -34.039 -33.738 -33.438 -33.147 -32.867 -32.604 -32.359 -32.133 -31.929 -31.746 -31.584 -31.444 -31.325 -31.227 -31.149 -31.091 -31.056 -31.047 -31.069 -31.123 -31.212 -31.337 -31.502 -31.707 -31.955 -32.243 -32.568 -32.923 -33.304 -33.704 -34.118 -34.542 -34.971 -35.401 -35.828 -36.246 -36.653 -37.044 -37.419 -37.772 -38.103 -38.407 -38.677 -38.913 -39.109 -39.265 -39.379 -39.451 -39.485 -39.478 -39.432 -39.347 -39.221 -39.055 -38.848 -38.602 -38.317 -37.998 -37.647 -37.266 -36.859 -36.428 -35.973
-35.256 -35.025 -34.761 -34.473 -34.168 -33.855 -33.539 -33.223 -32.914 -32.617 -32.336 -32.073 -31.828 -31.604 -31.401 -31.221 -31.061 -30.922 -30.802 -30.702 -30.623 -30.565 -30.533 -30.532 -30.562 -30.629 -30.735 -30.88 -31.07 -31.305 -31.585 -31.906 -32.259 -32.639 -33.039 -33.452 -33.876 -34.306 -34.738 -35.167 -35.588 -35.999 -36.395 -36.774 -37.132 -37.467 -37.774 -38.047 -38.286 -38.483 -38.641 -38.756 -38.831 -38.865 -38.86 -38.816 -38.734 -38.613 -38.454 -38.257 -38.024 -37.757 -37.457 -37.127 -36.769 -36.383 -35.974 -35.543
-35.129 -34.889 -34.614 -34.313 -33.994 -33.665 -33.332 -32.999 -32.672 -32.357 -32.058 -31.775 -31.512 -31.269 -31.047 -30.846 -30.668 -30.509 -30.37 -30.249 -30.146 -30.066 -30.011 -29.986 -29.995 -30.041 -30.125 -30.252 -30.426 -30.65 -30.924 -31.242 -31.594 -31.974 -32.374 -32.789 -33.214 -33.646 -34.079 -34.511 -34.937 -35.352 -35.753 -36.137 -36.5 -36.839 -37.148 -37.425 -37.666 -37.868 -38.026 -38.143 -38.218 -38.254 -38.25 -38.208 -38.128 -38.011 -37.858 -37.672 -37.454 -37.204 -36.924 -36.615 -36.277 -35.915 -35.529 -35.123
-35 -34.749 -34.461 -34.146 -33.811 -33.466 -33.116 -32.765 -32.42 -32.086 -31.768 -31.466 -31.184 -30.923 -30.682 -30.462 -30.264 -30.088 -29.93 -29.789 -29.665 -29.561 -29.483 -29.437 -29.424 -29.448 -29.512 -29.621 -29.78 -29.994 -30.263 -30.581 -30.933 -31.314 -31.716 -32.134 -32.561 -32.995 -33.43 -33.865 -34.295 -34.716 -35.122 -35.51 -35.878 -36.221 -36.534 -36.814 -37.058 -37.262 -37.421 -37.539 -37.615 -37.652 -37.65 -37.609 -37.533 -37.42 -37.274 -37.098 -36.894 -36.661 -36.4 -36.111 -35.796 -35.456 -35.095 -34.714
-34.866 -34.602 -34.299 -33.968 -33.618 -33.257 -32.888 -32.519 -32.156 -31.803 -31.466 -31.146 -30.846 -30.565 -30.304 -30.066 -29.85 -29.656 -29.482 -29.323 -29.177 -29.051 -28.95 -28.883 -28.851 -28.856 -28.902 -28.991 -29.135 -29.34 -29.608 -29.928 -30.283 -30.667 -31.073 -31.492 -31.922 -32.358 -32.796 -33.233 -33.667 -34.092 -34.504 -34.897 -35.269 -35.615 -35.931 -36.217 -36.463 -36.669 -36.83 -36.948 -37.025 -37.063 -37.062 -37.025 -36.951 -36.843 -36.702 -36.536 -36.346 -36.132 -35.89 -35.62 -35.326 -35.008 -34.669 -34.314
-34.721 -34.442 -34.123 -33.778 -33.413 -33.035 -32.65 -32.262 -31.88 -31.508 -31.154 -30.815 -30.495 -30.194 -29.914 -29.657 -29.424 -29.213 -29.023 -28.848 -28.68 -28.534 -28.415 -28.33 -28.28 -28.269 -28.298 -28.373 -28.501 -28.697 -28.969 -29.293 -29.653 -30.041 -30.448 -30.871 -31.303 -31.74 -32.179 -32.619 -33.058 -33.487 -33.902 -34.299 -34.674 -35.024 -35.344 -35.632 -35.883 -36.091 -36.251 -36.37 -36.448 -36.488 -36.49 -36.455 -36.385 -36.281 -36.146 -35.989 -35.815 -35.617 -35.393 -35.143 -34.868 -34.572 -34.256 -33.924
-34.55 -34.259 -33.929 -33.572 -33.193 -32.8 -32.399 -31.996 -31.595 -31.205 -30.831 -30.474 -30.133 -29.812 -29.512 -29.234 -28.98 -28.752 -28.546 -28.356 -28.17 -28.007 -27.874 -27.776 -27.715 -27.693 -27.712 -27.776 -27.895 -28.084 -28.36 -28.687 -29.049 -29.439 -29.849 -30.274 -30.708 -31.147 -31.588 -32.029 -32.471 -32.904 -33.322 -33.721 -34.097 -34.448 -34.77 -35.061 -35.314 -35.524 -35.686 -35.805 -35.886 -35.929 -35.935 -35.906 -35.841 -35.743 -35.615 -35.467 -35.307 -35.123 -34.915 -34.68 -34.424 -34.148 -33.852 -33.543
-34.343 -34.05 -33.713 -33.347 -32.958 -32.552 -32.138 -31.72 -31.304 -30.897 -30.502 -30.123 -29.761 -29.419 -29.096 -28.796 -28.521 -28.271 -28.044 -27.835 -27.64 -27.469 -27.329 -27.225 -27.158 -27.132 -27.148 -27.213 -27.335 -27.527 -27.795 -28.117 -28.478 -28.868 -29.279 -29.706 -30.142 -30.584 -31.027 -31.471 -31.913 -32.346 -32.765 -33.164 -33.541 -33.892 -34.214 -34.503 -34.755 -34.965 -35.131 -35.255 -35.34 -35.388 -35.4 -35.377 -35.32 -35.231 -35.115 -34.978 -34.825 -34.651 -34.455 -34.235 -33.994 -33.734 -33.459 -33.171
-34.114 -33.821 -33.48 -33.107 -32.709 -32.294 -31.868 -31.436 -31.005 -30.58 -30.167 -29.766 -29.381 -29.015 -28.67 -28.347 -28.049 -27.776 -27.529 -27.304 -27.101 -26.925 -26.782 -26.677 -26.61 -26.585 -26.605 -26.675 -26.804 -26.999 -27.261 -27.579 -27.938 -28.327 -28.739 -29.167 -29.605 -30.049 -30.495 -30.941 -31.382 -31.815 -32.233 -32.631 -33.006 -33.356 -33.676 -33.962 -34.213 -34.424 -34.592 -34.721 -34.811 -34.865 -34.884 -34.868 -34.821 -34.742 -34.637 -34.51 -34.364 -34.198 -34.011 -33.803 -33.575 -33.331 -33.073 -32.805
-33.88 -33.583 -33.238 -32.857 -32.451 -32.027 -31.59 -31.145 -30.699 -30.256 -29.822 -29.401 -28.994 -28.604 -28.235 -27.889 -27.568 -27.274 -27.007 -26.769 -26.559 -26.38 -26.238 -26.134 -26.071 -26.051 -26.076 -26.153 -26.288 -26.487 -26.749 -27.065 -27.423 -27.813 -28.227 -28.656 -29.096 -29.542 -29.99 -30.437 -30.879 -31.311 -31.728 -32.124 -32.496 -32.843 -33.159 -33.444 -33.692 -33.903 -34.074 -34.206 -34.301 -34.362 -34.387 -34.379 -34.341 -34.273 -34.177 -34.058 -33.919 -33.76 -33.58 -33.382 -33.165 -32.934 -32.691 -32.438
-33.649 -33.347 -32.994 -32.604 -32.187 -31.753 -31.305 -30.848 -30.387 -29.927 -29.474 -29.031 -28.601 -28.189 -27.796 -27.427 -27.084 -26.77 -26.486 -26.235 -26.02 -25.839 -25.7 -25.6 -25.541 -25.526 -25.558 -25.642 -25.784 -25.988 -26.253 -26.57 -26.93 -27.324 -27.741 -28.171 -28.614 -29.062 -29.513 -29.962 -30.404 -30.834 -31.249 -31.643 -32.013 -32.356 -32.669 -32.949 -33.195 -33.405 -33.577 -33.712 -33.812 -33.877 -33.909 -33.909 -33.878 -33.818 -33.731 -33.62 -33.487 -33.332 -33.159 -32.968 -32.761 -32.542 -32.311 -32.072
-33.425 -33.113 -32.752 -32.351 -31.922 -31.478 -31.017 -30.547 -30.07 -29.594 -29.121 -28.657 -28.206 -27.771 -27.356 -26.965 -26.601 -26.267 -25.967 -25.706 -25.484 -25.305 -25.167 -25.073 -25.021 -25.011 -25.049 -25.141 -25.29 -25.5 -25.77 -26.092 -26.457 -26.855 -27.277 -27.712 -28.158 -28.61 -29.064 -29.514 -29.956 -30.386 -30.799 -31.19 -31.557 -31.896 -32.205 -32.482 -32.724 -32.931 -33.104 -33.242 -33.344 -33.413 -33.45 -33.456 -33.431 -33.378 -33.298 -33.192 -33.064 -32.913 -32.744 -32.559 -32.359 -32.149 -31.928 -31.701
-33.209 -32.887 -32.513 -32.102 -31.662 -31.203 -30.729 -30.244 -29.752 -29.258 -28.767 -28.282 -27.81 -27.354 -26.918 -26.505 -26.121 -25.769 -25.453 -25.181 -24.956 -24.777 -24.645 -24.554 -24.508 -24.506 -24.553 -24.651 -24.808 -25.026 -25.304 -25.632 -26.004 -26.407 -26.835 -27.276 -27.728 -28.184 -28.642 -29.094 -29.538 -29.967 -30.378 -30.767 -31.131 -31.465 -31.769 -32.041 -32.279 -32.484 -32.656 -32.793 -32.897 -32.969 -33.008 -33.018 -32.999 -32.951 -32.876 -32.775 -32.648 -32.499 -32.333 -32.152 -31.959 -31.754 -31.543 -31.324
-33.002 -32.666 -32.279 -31.854 -31.402 -30.927 -30.439 -29.94 -29.433 -28.923 -28.412 -27.908 -27.416 -26.94 -26.484 -26.052 -25.648 -25.278 -24.948 -24.667 -24.439 -24.263 -24.135 -24.05 -24.011 -24.016 -24.071 -24.176 -24.34 -24.566 -24.853 -25.192 -25.572 -25.983 -26.418 -26.868 -27.327 -27.79 -28.251 -28.707 -29.151 -29.581 -29.99 -30.376 -30.735 -31.065 -31.362 -31.629 -31.862 -32.063 -32.231 -32.367 -32.471 -32.543 -32.584 -32.596 -32.58 -32.536 -32.465 -32.365 -32.238 -32.09 -31.925 -31.746 -31.556 -31.357 -31.152 -30.941
-32.801 -32.448 -32.045 -31.605 -31.138 -30.649 -30.146 -29.633 -29.113 -28.587 -28.06 -27.538 -27.026 -26.532 -26.058 -25.608 -25.187 -24.8 -24.456 -24.167 -23.939 -23.768 -23.644 -23.566 -23.534 -23.547 -23.608 -23.72 -23.891 -24.125 -24.423 -24.773 -25.164 -25.586 -26.03 -26.49 -26.958 -27.426 -27.893 -28.351 -28.798 -29.227 -29.635 -30.017 -30.371 -30.695 -30.987 -31.246 -31.472 -31.667 -31.832 -31.964 -32.066 -32.136 -32.176 -32.188 -32.173 -32.13 -32.061 -31.962 -31.833 -31.682 -31.515 -31.337 -31.149 -30.955 -30.756 -30.552
-32.596 -32.224 -31.804 -31.35 -30.867 -30.365 -29.848 -29.322 -28.79 -28.251 -27.708 -27.169 -26.643 -26.133 -25.644 -25.18 -24.745 -24.344 -23.987 -23.689 -23.465 -23.298 -23.182 -23.11 -23.084 -23.103 -23.171 -23.29 -23.465 -23.707 -24.019 -24.383 -24.786 -25.22 -25.675 -26.145 -26.621 -27.098 -27.569 -28.031 -28.481 -28.91 -29.317 -29.695 -30.042 -30.36 -30.644 -30.895 -31.113 -31.299 -31.458 -31.585 -31.681 -31.746 -31.783 -31.791 -31.773 -31.73 -31.66 -31.56 -31.426 -31.27 -31.102 -30.923 -30.736 -30.545 -30.352 -30.156
-32.373 -31.985 -31.55 -31.083 -30.588 -30.073 -29.544 -29.007 -28.462 -27.912 -27.355 -26.804 -26.266 -25.747 -25.247 -24.773 -24.329 -23.919 -23.553 -23.25 -23.029 -22.866 -22.753 -22.687 -22.666 -22.692 -22.767 -22.893 -23.076 -23.325 -23.65 -24.027 -24.442 -24.887 -25.354 -25.835 -26.322 -26.807 -27.285 -27.751 -28.202 -28.632 -29.035 -29.407 -29.749 -30.059 -30.335 -30.576 -30.785 -30.962 -31.111 -31.23 -31.318 -31.375 -31.403 -31.404 -31.379 -31.33 -31.257 -31.152 -31.012 -30.852 -30.68 -30.5 -30.315 -30.127 -29.936 -29.746
-32.121 -31.726 -31.283 -30.805 -30.3 -29.774 -29.233 -28.683 -28.127 -27.565 -27.001 -26.444 -25.9 -25.373 -24.868 -24.39 -23.942 -23.532 -23.169 -22.869 -22.641 -22.475 -22.362 -22.298 -22.282 -22.315 -22.398 -22.534 -22.73 -22.991 -23.323 -23.707 -24.132 -24.588 -25.067 -25.56 -26.059 -26.554 -27.041 -27.512 -27.964 -28.392 -28.79 -29.157 -29.492 -29.793 -30.061 -30.292 -30.491 -30.658 -30.794 -30.901 -30.975 -31.02 -31.035 -31.025 -30.988 -30.929 -30.843 -30.729 -30.585 -30.424 -30.249 -30.068 -29.883 -29.696 -29.509 -29.325
