Case_day2/Sema1_UTM.asc
ncols         155
nrows         228
xllcorner     417497.114
yllcorner     9226333.787
cellsize      184.413564964328
nodata_value  -9999
[rows 120 to 149 of 228, columns 0 to 67 of 155]
-9999 -27.931 -27.954 -27.946 -27.907 -27.845 -27.764 -27.671 -27.571 -27.461 -27.337 -27.197 -27.039 -26.864 -26.671 -26.463 -26.24 -26.007 -25.765 -25.519 -25.272 -25.027 -24.787 -24.56 -24.348 -24.157 -23.993 -23.862 -23.768 -23.71 -23.683 -23.682 -23.706 -23.752 -23.816 -23.895 -23.984 -24.081 -24.18 -24.28 -24.38 -24.478 -24.572 -24.661 -24.739 -24.805 -24.851 -24.877 -24.878 -24.855 -24.815 -24.76 -24.699 -24.632 -24.566 -24.5 -24.429 -24.343 -24.249 -24.188 -24.235 -24.447 -24.465 -24.211 -24.184 -24.146 -23.948 -23.838
-9999 -27.113 -27.152 -27.159 -27.139 -27.096 -27.037 -26.966 -26.888 -26.801 -26.702 -26.589 -26.461 -26.315 -26.154 -25.976 -25.784 -25.58 -25.365 -25.144 -24.919 -24.696 -24.481 -24.276 -24.088 -23.921 -23.778 -23.667 -23.589 -23.543 -23.527 -23.536 -23.569 -23.623 -23.694 -23.779 -23.874 -23.974 -24.076 -24.178 -24.278 -24.375 -24.467 -24.553 -24.629 -24.69 -24.734 -24.755 -24.754 -24.73 -24.688 -24.633 -24.57 -24.502 -24.433 -24.365 -24.293 -24.217 -24.149 -24.115 -24.152 -24.251 -24.266 -24.162 -24.141 -24.085 -23.841 -23.76
-9999 -26.272 -26.329 -26.355 -26.355 -26.334 -26.297 -26.251 -26.197 -26.135 -26.063 -25.979 -25.88 -25.766 -25.635 -25.488 -25.327 -25.15 -24.96 -24.762 -24.56 -24.359 -24.165 -23.982 -23.817 -23.671 -23.55 -23.457 -23.394 -23.36 -23.355 -23.374 -23.417 -23.48 -23.559 -23.651 -23.751 -23.856 -23.961 -24.065 -24.165 -24.262 -24.353 -24.438 -24.513 -24.572 -24.613 -24.631 -24.627 -24.6 -24.556 -24.498 -24.432 -24.361 -24.289 -24.216 -24.145 -24.076 -24.02 -23.99 -24 -24.035 -24.042 -24.007 -23.988 -23.94 -23.824 -23.784
-9999 -25.417 -25.493 -25.54 -25.561 -25.562 -25.548 -25.526 -25.497 -25.463 -25.42 -25.365 -25.296 -25.213 -25.113 -24.997 -24.865 -24.716 -24.551 -24.374 -24.192 -24.011 -23.837 -23.675 -23.53 -23.405 -23.303 -23.227 -23.179 -23.159 -23.165 -23.194 -23.248 -23.319 -23.408 -23.507 -23.614 -23.724 -23.833 -23.939 -24.042 -24.139 -24.231 -24.316 -24.39 -24.449 -24.488 -24.504 -24.496 -24.465 -24.416 -24.354 -24.283 -24.207 -24.13 -24.055 -23.982 -23.916 -23.861 -23.826 -23.814 -23.816 -23.814 -23.803 -23.794 -23.773 -23.735 -23.746
-9999 -24.554 -24.65 -24.718 -24.76 -24.783 -24.794 -24.796 -24.793 -24.786 -24.771 -24.746 -24.707 -24.654 -24.585 -24.5 -24.397 -24.274 -24.131 -23.974 -23.811 -23.649 -23.493 -23.35 -23.224 -23.118 -23.035 -22.976 -22.943 -22.935 -22.953 -22.994 -23.058 -23.14 -23.238 -23.346 -23.461 -23.577 -23.692 -23.802 -23.908 -24.007 -24.1 -24.186 -24.26 -24.318 -24.355 -24.369 -24.357 -24.322 -24.268 -24.201 -24.125 -24.043 -23.961 -23.88 -23.805 -23.735 -23.679 -23.636 -23.61 -23.594 -23.583 -23.575 -23.567 -23.556 -23.541 -23.536
-9999 -23.692 -23.808 -23.896 -23.96 -24.005 -24.036 -24.062 -24.085 -24.106 -24.119 -24.122 -24.113 -24.089 -24.05 -23.994 -23.92 -23.822 -23.7 -23.56 -23.414 -23.268 -23.129 -23.003 -22.895 -22.807 -22.742 -22.7 -22.682 -22.687 -22.717 -22.77 -22.845 -22.939 -23.048 -23.166 -23.291 -23.415 -23.534 -23.649 -23.757 -23.86 -23.955 -24.042 -24.117 -24.176 -24.214 -24.226 -24.211 -24.171 -24.11 -24.036 -23.954 -23.867 -23.779 -23.692 -23.611 -23.538 -23.476 -23.427 -23.391 -23.365 -23.346 -23.332 -23.321 -23.308 -23.292 -23.272
-9999 -22.838 -22.973 -23.082 -23.167 -23.231 -23.282 -23.329 -23.377 -23.425 -23.467 -23.496 -23.513 -23.517 -23.506 -23.479 -23.432 -23.358 -23.253 -23.128 -22.994 -22.863 -22.74 -22.631 -22.539 -22.469 -22.422 -22.396 -22.392 -22.411 -22.454 -22.52 -22.607 -22.713 -22.833 -22.964 -23.1 -23.233 -23.358 -23.477 -23.589 -23.695 -23.793 -23.883 -23.96 -24.021 -24.061 -24.073 -24.053 -24.006 -23.939 -23.859 -23.771 -23.678 -23.583 -23.49 -23.403 -23.324 -23.259 -23.205 -23.162 -23.129 -23.103 -23.082 -23.065 -23.048 -23.028 -23.007
-9999 -22 -22.154 -22.283 -22.387 -22.47 -22.538 -22.603 -22.676 -22.75 -22.815 -22.869 -22.909 -22.936 -22.949 -22.947 -22.927 -22.877 -22.785 -22.669 -22.548 -22.43 -22.322 -22.228 -22.152 -22.099 -22.069 -22.06 -22.07 -22.104 -22.16 -22.241 -22.342 -22.461 -22.594 -22.737 -22.885 -23.029 -23.161 -23.283 -23.399 -23.508 -23.61 -23.702 -23.783 -23.848 -23.891 -23.905 -23.879 -23.826 -23.752 -23.666 -23.572 -23.473 -23.373 -23.275 -23.182 -23.099 -23.03 -22.972 -22.925 -22.885 -22.853 -22.827 -22.805 -22.784 -22.764 -22.751
-9999 -21.184 -21.357 -21.506 -21.63 -21.733 -21.818 -21.9 -21.994 -22.088 -22.171 -22.243 -22.3 -22.343 -22.373 -22.39 -22.391 -22.361 -22.28 -22.176 -22.068 -21.964 -21.87 -21.791 -21.731 -21.693 -21.68 -21.689 -21.713 -21.761 -21.834 -21.929 -22.046 -22.179 -22.326 -22.482 -22.642 -22.797 -22.936 -23.064 -23.184 -23.298 -23.404 -23.498 -23.581 -23.648 -23.694 -23.71 -23.681 -23.622 -23.545 -23.455 -23.358 -23.256 -23.152 -23.05 -22.953 -22.865 -22.794 -22.733 -22.682 -22.638 -22.6 -22.57 -22.544 -22.523 -22.505 -22.499
-9999 -20.396 -20.588 -20.756 -20.901 -21.025 -21.134 -21.236 -21.342 -21.445 -21.538 -21.619 -21.687 -21.74 -21.779 -21.805 -21.811 -21.788 -21.726 -21.642 -21.55 -21.462 -21.384 -21.319 -21.273 -21.25 -21.251 -21.274 -21.317 -21.383 -21.473 -21.586 -21.719 -21.867 -22.027 -22.195 -22.365 -22.528 -22.677 -22.815 -22.943 -23.063 -23.172 -23.27 -23.354 -23.419 -23.463 -23.474 -23.448 -23.392 -23.315 -23.225 -23.127 -23.023 -22.919 -22.815 -22.718 -22.629 -22.553 -22.489 -22.433 -22.386 -22.346 -22.312 -22.284 -22.263 -22.25 -22.253
-9999 -19.636 -19.846 -20.033 -20.198 -20.344 -20.473 -20.594 -20.709 -20.817 -20.915 -20.999 -21.07 -21.126 -21.169 -21.197 -21.206 -21.188 -21.142 -21.075 -21.002 -20.93 -20.866 -20.816 -20.784 -20.774 -20.788 -20.826 -20.887 -20.972 -21.082 -21.214 -21.364 -21.528 -21.703 -21.883 -22.063 -22.235 -22.395 -22.543 -22.68 -22.805 -22.918 -23.018 -23.102 -23.166 -23.207 -23.216 -23.193 -23.14 -23.065 -22.976 -22.879 -22.777 -22.673 -22.57 -22.473 -22.384 -22.306 -22.239 -22.18 -22.13 -22.087 -22.051 -22.021 -22.001 -21.991 -21.996
-9999 -18.898 -19.124 -19.33 -19.517 -19.683 -19.831 -19.965 -20.089 -20.201 -20.299 -20.382 -20.45 -20.507 -20.55 -20.577 -20.587 -20.574 -20.539 -20.487 -20.43 -20.374 -20.324 -20.287 -20.268 -20.27 -20.297 -20.351 -20.43 -20.536 -20.666 -20.817 -20.986 -21.168 -21.357 -21.55 -21.741 -21.924 -22.095 -22.252 -22.396 -22.527 -22.645 -22.747 -22.833 -22.897 -22.936 -22.944 -22.921 -22.871 -22.798 -22.712 -22.616 -22.516 -22.413 -22.313 -22.217 -22.128 -22.049 -21.98 -21.919 -21.867 -21.823 -21.784 -21.754 -21.733 -21.722 -21.726
-9999 -18.177 -18.42 -18.645 -18.85 -19.035 -19.201 -19.348 -19.478 -19.591 -19.686 -19.766 -19.832 -19.885 -19.926 -19.951 -19.961 -19.952 -19.926 -19.888 -19.844 -19.801 -19.764 -19.739 -19.731 -19.745 -19.785 -19.853 -19.95 -20.077 -20.229 -20.402 -20.591 -20.79 -20.996 -21.202 -21.406 -21.6 -21.782 -21.948 -22.099 -22.235 -22.357 -22.463 -22.549 -22.614 -22.653 -22.661 -22.639 -22.589 -22.519 -22.433 -22.338 -22.24 -22.14 -22.041 -21.947 -21.86 -21.781 -21.712 -21.65 -21.597 -21.551 -21.511 -21.479 -21.456 -21.442 -21.443
-9999 -17.471 -17.73 -17.972 -18.196 -18.4 -18.581 -18.74 -18.874 -18.987 -19.079 -19.154 -19.215 -19.264 -19.301 -19.324 -19.334 -19.329 -19.31 -19.281 -19.249 -19.218 -19.192 -19.179 -19.181 -19.205 -19.256 -19.338 -19.455 -19.603 -19.777 -19.972 -20.181 -20.399 -20.622 -20.843 -21.061 -21.267 -21.458 -21.633 -21.792 -21.934 -22.059 -22.168 -22.257 -22.322 -22.36 -22.369 -22.346 -22.297 -22.227 -22.142 -22.048 -21.952 -21.854 -21.758 -21.666 -21.58 -21.502 -21.432 -21.372 -21.319 -21.272 -21.23 -21.196 -21.171 -21.154 -21.15
-9999 -16.776 -17.051 -17.31 -17.552 -17.773 -17.97 -18.139 -18.277 -18.388 -18.476 -18.546 -18.602 -18.645 -18.678 -18.698 -18.707 -18.704 -18.691 -18.672 -18.65 -18.63 -18.615 -18.611 -18.623 -18.655 -18.716 -18.812 -18.948 -19.119 -19.316 -19.533 -19.763 -20.001 -20.241 -20.478 -20.708 -20.927 -21.129 -21.312 -21.478 -21.626 -21.755 -21.867 -21.957 -22.022 -22.06 -22.068 -22.045 -21.995 -21.924 -21.839 -21.746 -21.651 -21.554 -21.46 -21.371 -21.288 -21.212 -21.144 -21.084 -21.031 -20.984 -20.942 -20.907 -20.879 -20.86 -20.852
-9999 -16.09 -16.38 -16.656 -16.915 -17.154 -17.366 -17.544 -17.685 -17.793 -17.875 -17.94 -17.99 -18.029 -18.057 -18.075 -18.083 -18.083 -18.076 -18.066 -18.054 -18.043 -18.039 -18.044 -18.063 -18.102 -18.172 -18.282 -18.436 -18.629 -18.852 -19.091 -19.342 -19.599 -19.856 -20.109 -20.353 -20.583 -20.795 -20.987 -21.158 -21.312 -21.445 -21.558 -21.648 -21.714 -21.753 -21.76 -21.735 -21.683 -21.609 -21.524 -21.431 -21.336 -21.242 -21.151 -21.064 -20.983 -20.911 -20.846 -20.787 -20.736 -20.69 -20.648 -20.612 -20.582 -20.56 -20.547
-9999 -15.411 -15.715 -16.006 -16.281 -16.537 -16.764 -16.952 -17.095 -17.198 -17.275 -17.333 -17.378 -17.414 -17.438 -17.454 -17.464 -17.468 -17.468 -17.467 -17.464 -17.465 -17.47 -17.484 -17.51 -17.556 -17.632 -17.753 -17.927 -18.145 -18.391 -18.653 -18.925 -19.2 -19.473 -19.741 -19.999 -20.239 -20.459 -20.656 -20.834 -20.991 -21.127 -21.241 -21.332 -21.399 -21.438 -21.444 -21.415 -21.358 -21.281 -21.194 -21.101 -21.007 -20.916 -20.828 -20.745 -20.669 -20.601 -20.54 -20.485 -20.435 -20.39 -20.35 -20.313 -20.282 -20.256 -20.238
-9999 -14.736 -15.051 -15.354 -15.643 -15.913 -16.155 -16.355 -16.496 -16.595 -16.667 -16.722 -16.764 -16.797 -16.821 -16.839 -16.851 -16.86 -16.869 -16.879 -16.889 -16.901 -16.918 -16.942 -16.978 -17.031 -17.112 -17.241 -17.437 -17.679 -17.948 -18.23 -18.519 -18.809 -19.096 -19.376 -19.645 -19.895 -20.121 -20.323 -20.503 -20.663 -20.8 -20.914 -21.005 -21.071 -21.11 -21.116 -21.081 -21.019 -20.937 -20.848 -20.755 -20.664 -20.577 -20.494 -20.416 -20.346 -20.283 -20.228 -20.178 -20.131 -20.089 -20.05 -20.013 -19.981 -19.951 -19.926
-9999 -14.062 -14.385 -14.696 -14.993 -15.272 -15.524 -15.734 -15.875 -15.972 -16.045 -16.102 -16.146 -16.18 -16.208 -16.23 -16.248 -16.265 -16.285 -16.307 -16.331 -16.358 -16.39 -16.429 -16.478 -16.543 -16.634 -16.773 -16.987 -17.248 -17.533 -17.828 -18.129 -18.43 -18.727 -19.016 -19.292 -19.549 -19.779 -19.984 -20.168 -20.329 -20.465 -20.577 -20.664 -20.727 -20.765 -20.768 -20.728 -20.66 -20.576 -20.485 -20.393 -20.307 -20.226 -20.15 -20.08 -20.016 -19.961 -19.912 -19.867 -19.825 -19.786 -19.751 -19.716 -19.683 -19.65 -19.62
-9999 -13.391 -13.717 -14.031 -14.329 -14.608 -14.858 -15.065 -15.217 -15.326 -15.408 -15.472 -15.522 -15.564 -15.598 -15.628 -15.656 -15.685 -15.717 -15.754 -15.795 -15.839 -15.889 -15.947 -16.016 -16.103 -16.217 -16.377 -16.598 -16.862 -17.152 -17.454 -17.761 -18.067 -18.368 -18.659 -18.938 -19.198 -19.432 -19.643 -19.829 -19.989 -20.124 -20.232 -20.313 -20.367 -20.396 -20.392 -20.35 -20.281 -20.197 -20.105 -20.016 -19.937 -19.865 -19.799 -19.738 -19.684 -19.636 -19.593 -19.555 -19.519 -19.485 -19.453 -19.421 -19.389 -19.358 -19.324
-9999 -12.725 -13.051 -13.364 -13.66 -13.934 -14.179 -14.385 -14.547 -14.669 -14.763 -14.838 -14.899 -14.951 -14.996 -15.036 -15.076 -15.118 -15.166 -15.219 -15.279 -15.343 -15.415 -15.495 -15.588 -15.699 -15.838 -16.018 -16.244 -16.51 -16.8 -17.104 -17.413 -17.72 -18.021 -18.313 -18.592 -18.852 -19.089 -19.302 -19.49 -19.65 -19.78 -19.881 -19.953 -19.997 -20.016 -20.004 -19.959 -19.888 -19.802 -19.71 -19.625 -19.553 -19.493 -19.439 -19.39 -19.346 -19.307 -19.271 -19.24 -19.212 -19.184 -19.156 -19.127 -19.099 -19.07 -19.034
-9999 -12.07 -12.394 -12.704 -12.996 -13.266 -13.507 -13.713 -13.881 -14.015 -14.122 -14.21 -14.283 -14.346 -14.401 -14.455 -14.509 -14.566 -14.631 -14.703 -14.782 -14.869 -14.965 -15.068 -15.184 -15.318 -15.48 -15.677 -15.912 -16.18 -16.471 -16.774 -17.082 -17.388 -17.687 -17.977 -18.254 -18.514 -18.752 -18.967 -19.156 -19.315 -19.44 -19.531 -19.59 -19.624 -19.633 -19.614 -19.564 -19.489 -19.398 -19.304 -19.221 -19.159 -19.113 -19.073 -19.037 -19.004 -18.972 -18.944 -18.923 -18.904 -18.882 -18.858 -18.834 -18.811 -18.786 -18.747
-9999 -11.428 -11.751 -12.058 -12.346 -12.611 -12.849 -13.055 -13.229 -13.373 -13.492 -13.592 -13.677 -13.752 -13.821 -13.887 -13.955 -14.03 -14.112 -14.204 -14.305 -14.416 -14.535 -14.661 -14.8 -14.957 -15.138 -15.351 -15.595 -15.866 -16.159 -16.462 -16.769 -17.072 -17.368 -17.654 -17.928 -18.185 -18.424 -18.641 -18.829 -18.985 -19.104 -19.183 -19.229 -19.25 -19.251 -19.225 -19.169 -19.089 -18.994 -18.893 -18.811 -18.76 -18.73 -18.704 -18.681 -18.657 -18.633 -18.613 -18.6 -18.591 -18.577 -18.558 -18.536 -18.519 -18.502 -18.465
-9999 -10.807 -11.126 -11.43 -11.714 -11.976 -12.211 -12.419 -12.598 -12.75 -12.88 -12.991 -13.088 -13.175 -13.256 -13.335 -13.418 -13.508 -13.609 -13.721 -13.844 -13.979 -14.122 -14.272 -14.432 -14.611 -14.811 -15.037 -15.29 -15.566 -15.86 -16.163 -16.468 -16.767 -17.059 -17.342 -17.613 -17.87 -18.109 -18.325 -18.514 -18.667 -18.777 -18.842 -18.872 -18.879 -18.872 -18.842 -18.782 -18.696 -18.594 -18.487 -18.403 -18.364 -18.35 -18.336 -18.322 -18.307 -18.288 -18.275 -18.273 -18.273 -18.267 -18.249 -18.231 -18.222 -18.219 -18.184
-9999 -10.212 -10.528 -10.827 -11.107 -11.365 -11.598 -11.806 -11.99 -12.151 -12.291 -12.412 -12.52 -12.618 -12.711 -12.803 -12.898 -13.004 -13.123 -13.256 -13.401 -13.558 -13.723 -13.896 -14.08 -14.278 -14.496 -14.736 -14.998 -15.279 -15.575 -15.876 -16.179 -16.476 -16.764 -17.044 -17.312 -17.566 -17.805 -18.022 -18.21 -18.36 -18.461 -18.509 -18.52 -18.513 -18.496 -18.464 -18.403 -18.316 -18.21 -18.1 -18.016 -17.985 -17.98 -17.975 -17.965 -17.952 -17.939 -17.932 -17.938 -17.947 -17.946 -17.927 -17.913 -17.918 -17.931 -17.899
-9999 -9.644 -9.958 -10.254 -10.53 -10.784 -11.015 -11.223 -11.412 -11.58 -11.729 -11.86 -11.978 -12.086 -12.189 -12.292 -12.399 -12.519 -12.657 -12.809 -12.976 -13.155 -13.342 -13.538 -13.743 -13.962 -14.195 -14.447 -14.718 -15.006 -15.302 -15.603 -15.903 -16.197 -16.483 -16.758 -17.022 -17.274 -17.512 -17.73 -17.918 -18.065 -18.158 -18.185 -18.173 -18.15 -18.13 -18.102 -18.046 -17.963 -17.858 -17.745 -17.658 -17.639 -17.643 -17.639 -17.626 -17.607 -17.59 -17.585 -17.594 -17.609 -17.61 -17.581 -17.565 -17.592 -17.647 -17.635
-9999 -9.108 -9.421 -9.714 -9.986 -10.236 -10.464 -10.674 -10.866 -11.042 -11.199 -11.339 -11.466 -11.583 -11.694 -11.805 -11.923 -12.056 -12.211 -12.386 -12.574 -12.774 -12.983 -13.2 -13.425 -13.66 -13.909 -14.173 -14.454 -14.747 -15.046 -15.347 -15.644 -15.935 -16.217 -16.487 -16.745 -16.992 -17.229 -17.446 -17.633 -17.778 -17.863 -17.87 -17.834 -17.793 -17.774 -17.756 -17.711 -17.644 -17.555 -17.452 -17.367 -17.354 -17.355 -17.339 -17.312 -17.281 -17.255 -17.239 -17.242 -17.25 -17.24 -17.191 -17.173 -17.235 -17.366 -17.402
-9999 -8.607 -8.919 -9.21 -9.48 -9.727 -9.954 -10.162 -10.358 -10.541 -10.705 -10.853 -10.988 -11.112 -11.232 -11.35 -11.475 -11.618 -11.792 -11.988 -12.197 -12.417 -12.647 -12.883 -13.127 -13.379 -13.641 -13.915 -14.205 -14.504 -14.806 -15.107 -15.403 -15.691 -15.968 -16.232 -16.483 -16.724 -16.959 -17.175 -17.36 -17.496 -17.568 -17.571 -17.518 -17.454 -17.435 -17.424 -17.387 -17.343 -17.295 -17.233 -17.179 -17.137 -17.111 -17.075 -17.033 -16.988 -16.955 -16.918 -16.896 -16.865 -16.817 -16.75 -16.734 -16.839 -17.077 -17.193
-9999 -8.143 -8.455 -8.746 -9.015 -9.261 -9.487 -9.695 -9.896 -10.083 -10.252 -10.406 -10.547 -10.678 -10.805 -10.931 -11.065 -11.218 -11.408 -11.622 -11.85 -12.089 -12.336 -12.591 -12.853 -13.121 -13.395 -13.679 -13.977 -14.282 -14.586 -14.887 -15.18 -15.466 -15.739 -15.998 -16.244 -16.479 -16.714 -16.931 -17.118 -17.255 -17.327 -17.335 -17.273 -17.179 -17.132 -17.094 -17.044 -17.012 -16.995 -16.965 -16.936 -16.88 -16.848 -16.827 -16.811 -16.782 -16.751 -16.68 -16.6 -16.497 -16.389 -16.291 -16.271 -16.401 -16.728 -16.928
-9999 -7.721 -8.033 -8.324 -8.594 -8.842 -9.069 -9.281 -9.482 -9.67 -9.842 -10 -10.146 -10.283 -10.417 -10.554 -10.7 -10.868 -11.067 -11.291 -11.533 -11.787 -12.052 -12.324 -12.602 -12.885 -13.174 -13.469 -13.773 -14.079 -14.385 -14.684 -14.977 -15.26 -15.53 -15.787 -16.033 -16.269 -16.5 -16.718 -16.91 -17.063 -17.158 -17.186 -17.141 -17.032 -16.883 -16.741 -16.655 -16.615 -16.594 -16.572 -16.545 -16.506 -16.505 -16.571 -16.657 -16.708 -16.687 -16.578 -16.387 -16.16 -15.96 -15.847 -15.844 -15.986 -16.268 -16.446
